-1 1
-0.98995 0.980001
-0.979899 0.960203
-0.969849 0.940608
-0.959799 0.921214
-0.949749 0.902023
-0.939698 0.883033
-0.929648 0.864246
-0.919598 0.84566
-0.909548 0.827277
-0.899497 0.809096
-0.889447 0.791116
-0.879397 0.773339
-0.869347 0.755764
-0.859296 0.73839
-0.849246 0.721219
-0.839196 0.70425
-0.829146 0.687483
-0.819095 0.670917
-0.809045 0.654554
-0.798995 0.638393
-0.788945 0.622434
-0.778894 0.606677
-0.768844 0.591121
-0.758794 0.575768
-0.748744 0.560617
-0.738693 0.545668
-0.728643 0.530921
-0.718593 0.516376
-0.708543 0.502033
-0.698492 0.487892
-0.688442 0.473953
-0.678392 0.460216
-0.668342 0.446681
-0.658291 0.433348
-0.648241 0.420217
-0.638191 0.407288
-0.628141 0.394561
-0.61809 0.382036
-0.60804 0.369713
-0.59799 0.357592
-0.58794 0.345673
-0.577889 0.333956
-0.567839 0.322441
-0.557789 0.311129
-0.547739 0.300018
-0.537688 0.289109
-0.527638 0.278402
-0.517588 0.267897
-0.507538 0.257595
-0.497487 0.247494
-0.487437 0.237595
-0.477387 0.227898
-0.467337 0.218404
-0.457286 0.209111
-0.447236 0.20002
-0.437186 0.191132
-0.427136 0.182445
-0.417085 0.17396
-0.407035 0.165678
-0.396985 0.157597
-0.386935 0.149718
-0.376884 0.142042
-0.366834 0.134567
-0.356784 0.127295
-0.346734 0.120224
-0.336683 0.113356
-0.326633 0.106689
-0.316583 0.100225
-0.306533 0.0939623
-0.296482 0.0879018
-0.286432 0.0820434
-0.276382 0.076387
-0.266332 0.0709326
-0.256281 0.0656802
-0.246231 0.0606298
-0.236181 0.0557814
-0.226131 0.0511351
-0.21608 0.0466907
-0.20603 0.0424484
-0.19598 0.0384081
-0.18593 0.0345698
-0.175879 0.0309336
-0.165829 0.0274993
-0.155779 0.0242671
-0.145729 0.0212368
-0.135678 0.0184086
-0.125628 0.0157824
-0.115578 0.0133582
-0.105528 0.0111361
-0.0954774 0.00911593
-0.0854271 0.0072978
-0.0753769 0.00568167
-0.0653266 0.00426757
-0.0552764 0.00305548
-0.0452261 0.0020454
-0.0351759 0.00123734
-0.0251256 0.000631297
-0.0150754 0.000227267
-0.00502513 2.52519e-05
0.00502513 2.52519e-05
0.0150754 0.000227267
0.0251256 0.000631297
0.0351759 0.00123734
0.0452261 0.0020454
0.0552764 0.00305548
0.0653266 0.00426757
0.0753769 0.00568167
0.0854271 0.0072978
0.0954774 0.00911593
0.105528 0.0111361
0.115578 0.0133582
0.125628 0.0157824
0.135678 0.0184086
0.145729 0.0212368
0.155779 0.0242671
0.165829 0.0274993
0.175879 0.0309336
0.18593 0.0345698
0.19598 0.0384081
0.20603 0.0424484
0.21608 0.0466907
0.226131 0.0511351
0.236181 0.0557814
0.246231 0.0606298
0.256281 0.0656802
0.266332 0.0709326
0.276382 0.076387
0.286432 0.0820434
0.296482 0.0879018
0.306533 0.0939623
0.316583 0.100225
0.326633 0.106689
0.336683 0.113356
0.346734 0.120224
0.356784 0.127295
0.366834 0.134567
0.376884 0.142042
0.386935 0.149718
0.396985 0.157597
0.407035 0.165678
0.417085 0.17396
0.427136 0.182445
0.437186 0.191132
0.447236 0.20002
0.457286 0.209111
0.467337 0.218404
0.477387 0.227898
0.487437 0.237595
0.497487 0.247494
0.507538 0.257595
0.517588 0.267897
0.527638 0.278402
0.537688 0.289109
0.547739 0.300018
0.557789 0.311129
0.567839 0.322441
0.577889 0.333956
0.58794 0.345673
0.59799 0.357592
0.60804 0.369713
0.61809 0.382036
0.628141 0.394561
0.638191 0.407288
0.648241 0.420217
0.658291 0.433348
0.668342 0.446681
0.678392 0.460216
0.688442 0.473953
0.698492 0.487892
0.708543 0.502033
0.718593 0.516376
0.728643 0.530921
0.738693 0.545668
0.748744 0.560617
0.758794 0.575768
0.768844 0.591121
0.778894 0.606677
0.788945 0.622434
0.798995 0.638393
0.809045 0.654554
0.819095 0.670917
0.829146 0.687483
0.839196 0.70425
0.849246 0.721219
0.859296 0.73839
0.869347 0.755764
0.879397 0.773339
0.889447 0.791116
0.899497 0.809096
0.909548 0.827277
0.919598 0.84566
0.929648 0.864246
0.939698 0.883033
0.949749 0.902023
0.959799 0.921214
0.969849 0.940608
0.979899 0.960203
0.98995 0.980001
1 1
