-1 1
-0.98995 0.980676
-0.979899 0.961372
-0.969849 0.942106
-0.959799 0.922899
-0.949749 0.903768
-0.939698 0.884734
-0.929648 0.865816
-0.919598 0.847033
-0.909548 0.828404
-0.899497 0.80995
-0.889447 0.791688
-0.879397 0.773639
-0.869347 0.755821
-0.859296 0.738253
-0.849246 0.720937
-0.839196 0.703868
-0.829146 0.687041
-0.819095 0.670451
-0.809045 0.654093
-0.798995 0.637961
-0.788945 0.62205
-0.778894 0.606356
-0.768844 0.590873
-0.758794 0.575595
-0.748744 0.560518
-0.738693 0.545636
-0.728643 0.530945
-0.718593 0.516442
-0.708543 0.502129
-0.698492 0.488007
-0.688442 0.474077
-0.678392 0.46034
-0.668342 0.446799
-0.658291 0.433454
-0.648241 0.420307
-0.638191 0.40736
-0.628141 0.394613
-0.61809 0.382068
-0.60804 0.369726
-0.59799 0.357589
-0.58794 0.345658
-0.577889 0.333932
-0.567839 0.322412
-0.557789 0.311096
-0.547739 0.299984
-0.537688 0.289077
-0.527638 0.278373
-0.517588 0.267872
-0.507538 0.257574
-0.497487 0.247478
-0.487437 0.237585
-0.477387 0.227894
-0.467337 0.218403
-0.457286 0.209114
-0.447236 0.200026
-0.437186 0.191139
-0.427136 0.182454
-0.417085 0.173969
-0.407035 0.165686
-0.396985 0.157605
-0.386935 0.149726
-0.376884 0.142048
-0.366834 0.134572
-0.356784 0.127298
-0.346734 0.120226
-0.336683 0.113356
-0.326633 0.106689
-0.316583 0.100223
-0.306533 0.0939603
-0.296482 0.0878996
-0.286432 0.082041
-0.276382 0.0763846
-0.266332 0.0709303
-0.256281 0.0656782
-0.246231 0.0606281
-0.236181 0.0557801
-0.226131 0.0511341
-0.21608 0.0466902
-0.20603 0.0424482
-0.19598 0.0384082
-0.18593 0.0345702
-0.175879 0.0309341
-0.165829 0.0274999
-0.155779 0.0242677
-0.145729 0.0212375
-0.135678 0.0184093
-0.125628 0.015783
-0.115578 0.0133588
-0.105528 0.0111365
-0.0954774 0.00911624
-0.0854271 0.007298
-0.0753769 0.00568176
-0.0653266 0.00426756
-0.0552764 0.00305538
-0.0452261 0.00204523
-0.0351759 0.00123711
-0.0251256 0.00063102
-0.0150754 0.000226961
-0.00502513 2.49311e-05
0.00502513 2.49311e-05
0.0150754 0.000226961
0.0251256 0.00063102
0.0351759 0.00123711
0.0452261 0.00204523
0.0552764 0.00305538
0.0653266 0.00426756
0.0753769 0.00568176
0.0854271 0.007298
0.0954774 0.00911624
0.105528 0.0111365
0.115578 0.0133588
0.125628 0.015783
0.135678 0.0184093
0.145729 0.0212375
0.155779 0.0242677
0.165829 0.0274999
0.175879 0.0309341
0.18593 0.0345702
0.19598 0.0384082
0.20603 0.0424482
0.21608 0.0466902
0.226131 0.0511341
0.236181 0.0557801
0.246231 0.0606281
0.256281 0.0656782
0.266332 0.0709303
0.276382 0.0763846
0.286432 0.082041
0.296482 0.0878996
0.306533 0.0939603
0.316583 0.100223
0.326633 0.106689
0.336683 0.113356
0.346734 0.120226
0.356784 0.127298
0.366834 0.134572
0.376884 0.142048
0.386935 0.149726
0.396985 0.157605
0.407035 0.165686
0.417085 0.173969
0.427136 0.182454
0.437186 0.191139
0.447236 0.200026
0.457286 0.209114
0.467337 0.218403
0.477387 0.227894
0.487437 0.237585
0.497487 0.247478
0.507538 0.257574
0.517588 0.267872
0.527638 0.278373
0.537688 0.289077
0.547739 0.299984
0.557789 0.311096
0.567839 0.322412
0.577889 0.333932
0.58794 0.345658
0.59799 0.357589
0.60804 0.369726
0.61809 0.382068
0.628141 0.394613
0.638191 0.40736
0.648241 0.420307
0.658291 0.433454
0.668342 0.446799
0.678392 0.46034
0.688442 0.474077
0.698492 0.488007
0.708543 0.502129
0.718593 0.516442
0.728643 0.530945
0.738693 0.545636
0.748744 0.560518
0.758794 0.575595
0.768844 0.590873
0.778894 0.606356
0.788945 0.62205
0.798995 0.637961
0.809045 0.654093
0.819095 0.670451
0.829146 0.687041
0.839196 0.703868
0.849246 0.720937
0.859296 0.738253
0.869347 0.755821
0.879397 0.773639
0.889447 0.791688
0.899497 0.80995
0.909548 0.828404
0.919598 0.847033
0.929648 0.865816
0.939698 0.884734
0.949749 0.903768
0.959799 0.922899
0.969849 0.942106
0.979899 0.961372
0.98995 0.980676
1 1
